coefficients read from input file almost_failed.txt
	degree 3 coefficient = ( +1.0000000000000000 +0.0000000000000000*i) 
	degree 1 coefficient = ( -17343094 -31007487*i) / 2^25
	degree 0 coefficient = ( -5947392 -3850240*i) / 2^25

Input polynomial p(z)=(1+0i)*z^3+(-0.51686447858810424805-0.9240951240062713623i)*z^1+(-0.17724609375-0.11474609375i)

derivative dp/dz = (3+0i)*z^2+(-0.51686447858810424805-0.9240951240062713623i)

2 critical points found

	cp#0: -0.51245892538596249377,-0.30054282669590931532 . It's critical orbit is bounded and enters cycle #0 length=105 and it's stability = |multiplier|=0.28704 =attractive 
	internal angle = 0.43688881854755612366
cycle = {
0.34199350012506646301,0.019164449919817083678 ; -0.29667802201690768316,-0.43396868516467318466 ; -0.28342600463717920745,0.35085345796581834943 ; 0.37536866371159016698,0.0071858850187334066817 ; -0.31178847180608326717,-0.46229943654508381945 ; -0.27370494394472238975,0.37630203167158604582 ; 0.40772920474884866149,-0.025028103409567903359 ; -0.34409922814958437964,-0.49105709722591744937 ; -0.2449944738941836897,0.40102658228395615669 ; 0.42346616544766646495,-0.087906711439687451604 ; -0.41123452015233963319,-0.50724519093837194816 ; -0.18555276198412737343,0.40061722316252434961 ; 0.37181981448693979253,-0.17325968219142176552 ; -0.51161578092029436071,-0.43544956783496435726 ; -0.15809057050791477939,0.3237346187548343357 ; 0.24938141179809353298,-0.14563807260629968443 ; -0.4410850929751095606,-0.29400621596562687143 ; -0.19238863541649192657,0.29863158302528308718 ; 0.24250792287362227251,-0.084784862368257829512 ; -0.37190697423471780203,-0.309373342281155983 ; -0.21556349411693073725,0.29007338496181866994 ; 0.24662389567201831175,-0.049444009034894792487 ; -0.3372164738703821163,-0.32599535518510897036 ; -0.23503715928209542585,0.28880228310276029324 ; 0.25694407721793599553,-0.023046653588218862785 ; -0.31479457215798800629,-0.3448272629740875006 ; -0.25209517751790111451,0.29287235772481545748 ; 0.27254351923198216756,-0.0024445319540177257167 ; -0.30013349931606225773,-0.36588346388981141111 ; -0.26672768173431404826,0.30182257792420147391 ; 0.29344693016079059777,0.012657480463004577853 ; -0.29209367512707334891,-0.3891933522549606006 ; -0.27811441375559786682,0.31567172351627070803 ; 0.31984174502015799701,0.020891698446799555899 ; -0.29095440306864639446,-0.41470600265690205077 ; -0.28460453460461010433,0.33447169082783989591 ; 0.35140389365293778212,0.019237607102409959303 ; -0.29809405043374392896,-0.44230042353392406973 ; -0.28344007123985115459,0.35794909570135724497 ; 0.38621138880840610863,0.0025762164015241673098 ; -0.31688506654918935368,-0.47182092741151032689 ; -0.2696571589714125694,0.38485242207865261177 ; 0.41798013130114330949,-0.037521187970981417781 ; -0.35669945222245802441,-0.5012189884266159412 ; -0.23260870002965125525,0.40853985295680106393 ; 0.42439558633283758216,-0.11282617213027651415 ; -0.44063198174895995551,-0.50813980847646678107 ; -0.16329862573530923298,0.39030796337721151978 ; 0.33811514589344227044,-0.19381421358626163554 ; -0.53055744312808894581,-0.38621214111975221694 ; -0.17185025068141757121,0.30662016434653083241 ; 0.23831820717466317694,-0.11608257686068315651 ; -0.40379436623070885659,-0.29319052218167213075 ; -0.20118237053461970887,0.29172688754129455502 ; 0.23954321827980773474,-0.069022639922116713063 ; -0.35451938248878084314,-0.31198438514458648463 ; -0.22334763687303690882,0.2868496242954856057 ; 0.24726213893104953545,-0.037289013031137935306 ; -0.32541988506948532622,-0.33075400541779792496 ; -0.24235656540970954009,0.28803306487651270107 ; 0.26027404781921337218,-0.012801394511054969838 ; -0.30609853229264927243,-0.35124698678255716899 ; -0.25900635641491209782,0.29426841916134605093 ; 0.2784669582250638431,0.0062440397203482600474 ; -0.29384485773949253762,-0.37385105724090489376 ; -0.2730067007934079415,0.30543570183403107032 ; 0.30217227794736428725,0.019469614970230836315 ; -0.28818929179203861546,-0.39871935525962554081 ; -0.2832343880221637189,0.32169475666996583119 ; 0.33163637741350115995,0.024846157766341692152 ; -0.28983687276644753972,-0.42586914619178423136 ; -0.2876327929002780448,0.34311899843429255474 ; 0.36628864210255529521,0.018473728533294292431 ; -0.30072723525105027331,-0.45535064597357716165 ; -0.28273285588115038003,0.36938191097603756408 ; 0.40336219146392526813,-0.0062111966138009844229 ; -0.32588864780611004335,-0.48731224634183589739 ; -0.26156969938358271,0.39874134969146712848 ; 0.4332932280993916363,-0.060679693179994331764 ; -0.38071219062333577776,-0.51774021779493506479 ; -0.20793645379329273037,0.41832597847804342539 ; 0.41697573567503387615,-0.15775430867425729864 ; -0.4971780737983561016,-0.49689343919691547624 ; -0.13408028198229832162,0.35572947363411777655 ; 0.26927362987571457076,-0.20053692237335982163 ; -0.51470125367609298461,-0.29548729312417754134 ; -0.18580704247024834586,0.30457435706928459584 ; 0.24554126587236080326,-0.097174772283400157047 ; -0.38610846805622028866,-0.30808192777216636404 ; -0.20999645581128842386,0.29274656858186481889 ; 0.24654919780813883134,-0.058359174620379622445 ; -0.34614026729578128982,-0.32286081274663902541 ; -0.22992066652498396873,0.28960159742890478896 ; 0.25490644957189917408,-0.030322853277308270403 ; -0.32115939206444649168,-0.34051410523394409768 ; -0.24732793789495791104,0.29215263953094150473 ; 0.26876710406969833711,-0.0085171236418625506648 ; -0.30467679049448148643,-0.36055537020136452231 ; -0.26241535545808958307,0.29962592335603588367 ; 0.28787510018461370809,0.0078838929604866658796 ; -0.29494991315089097439,-0.38288540074102678235 ; -0.27455873309559220008,0.31191915190416164005 ; 0.31234799441805977116,0.017944373517944228746 ; -0.2919340307234095655,-0.40741391215611322263 ; -0.28235422026374612514,0.32906540792806948659 ; }

	cp#1: 0.51245892538596249377,0.3005428266959092598 . It's critical orbit is bounded and enters cycle #1 length=3 and it's stability = |multiplier|=0.85666 =attractive 
	internal angle = 0.31271982447727481036
cycle = {
-0.45864684434588687267,0.41804133400602072612 ; 0.59009996754766946836,0.28377387453089431002 ; -0.15708836166441453308,-0.53313337552781914219 ; }
