coefficients read from input file thomasson85center.txt
	degree 2 coefficient = ( 1.0000000000000000 +0.0000000000000000*i) 
	degree 0 coefficient = ( 0.3555471250217805 -0.3372858052155804*i) 

Input polynomial p(z)=(1+0i)*z^2+(0.35554712502178054123-0.33728580521558043648i)

1 critical points found

	cp#0: 0,0 . It's critical orbit is bounded and enters cycle #0 length=85 and it's stability = |multiplier|=3.9363e-13 =attractive 
cycle = {
0.085300599425207013216,-0.13328740829688670577 ; 0.34505778407357917681,-0.36002479686269395209 ; 0.34499414501552527756,-0.58574452244954378077 ; 0.13147143953712975284,-0.74144266665559543927 ; -0.1769053635016147874,-0.53224287465449915402 ; 0.103560155036934054,-0.14897256679178330629 ; 0.34407900507652200428,-0.36814104944199460556 ; 0.33840965447197668414,-0.59062501725523686158 ; 0.1212303082538743193,-0.73703222123928036069 ; -0.17297258248379765444,-0.51598709196333181204 ; 0.11922396024011888693,-0.1587825655651758372 ; 0.34454957458965862482,-0.37514717778311362784 ; 0.33352612937306019836,-0.59579940624294613905 ; 0.11180987151690865988,-0.73471514490953504506 ; -0.17175777176903095356,-0.50158261712330454163 ; 0.13346273538457953389,-0.1649843798652248783 ; 0.34613958115860199438,-0.38132433848066338289 ; 0.32995148354871739471,-0.60126869883013611684 ; 0.10289105832489514603,-0.73406480359640124966 ; -0.17271744097402563778,-0.48834321425776050507 ; 0.1468993445267955944,-0.16859502464831901958 ; 0.34870226010801541605,-0.38681880243821448184 ; 0.32751160530648415481,-0.60705498654054301788 ; 0.094295219948471897808,-0.73492091151797911408 ; -0.17567003265950598134,-0.47588486320821898889 ; 0.15994068236566713614,-0.17008838629167569167 ; 0.35219808774606947699,-0.39169391034751199765 ; 0.32616649863044383517,-0.61319349762792862979 ; 0.085925444317451360465,-0.73729215742409415224 ; -0.18066941839614325538,-0.46399011765245556926 ; 0.17290173448624165942,-0.1696281558199259909 ; 0.35666842356326228236,-0.39594380993351580011 ; 0.32598798876421514192,-0.61972711423281845455 ; 0.07775359772498180444,-0.74133299631839544297 ; -0.187981864449451197,-0.45256842036757227721 ; 0.18606613126967277982,-0.16713649431230198639 ; 0.36223312249643746519,-0.39948268699691180661 ; 0.3271735428450269767,-0.62669752740389705892 ; 0.069839861305388939439,-0.74736350588148314777 ; -0.19812747867452518147,-0.44167733240652445881 ; 0.19972275686596147048,-0.16226897270079074231 ; 0.36910508513055051427,-0.40210341837879914895 ; 0.33009852981909593161,-0.63412263815956448898 ; 0.062400644184063103204,-0.7559317063785380153 ; -0.21199177929200163639,-0.43162705608993806594 ; 0.21418572396030272076,-0.1542830299934313254 ; 0.37761939602622551782,-0.403376250163444805 ; 0.33543113408106983719,-0.64193119713166779672 ; 0.055985508881797041436,-0.76793322412736864102 ; -0.23103993449212112399,-0.42327206989560012262 ; 0.2297673311981983657,-0.14170030261353250278 ; 0.38826117574695645507,-0.40240200593855735001 ; 0.3443664912308148085,-0.64975995711285650103 ; 0.051947403437102301904,-0.78479691836205867084 ; -0.25766054532494608864,-0.41882212948427743893 ; 0.24652410549318426458,-0.1214579286614322351 ; 0.40156923117626963649,-0.3971704196522095609 ; 0.35906063020256862028,-0.65626864534696882636 ; 0.053783126317700769015,-0.8085662719765176476 ; -0.29533966647971765518,-0.42426024909947135377 ; 0.2627758846521859315,-0.0866840442763008312 ; 0.41708416704442374812,-0.38284275805544887294 ; 0.38293775002541835528,-0.6566411109206738983 ; 0.071010896865173589454,-0.84019114439588848953 ; -0.34533148662589585598,-0.45661125861903767431 ; 0.26630711917937011091,-0.021921315717513045751 ; 0.42598606266460892211,-0.34896141009028514013 ; 0.41523718487407651478,-0.63459119942808150938 ; 0.12526305433235740416,-0.86429753160834099646 ; -0.37577226534181962236,-0.55381490253793641543 ; 0.19004097414879941863,0.07893075579789837759 ; 0.38543263266637772801,-0.30728564977131322955 ; 0.40968096879053722548,-0.57416163915949192109 ; 0.19372403332861909409,-0.80773199836202747015 ; -0.25935485506702582459,-0.65024000635813550275 ; -9.5479180117763462476e-15,1.193489751472043281e-14 ; 0.35554712502178054123,-0.33728580521558043648 ; 0.36819916873311170358,-0.57712780192569224091 ; 0.1580412531219539396,-0.76228175905919615118 ; -0.20054931748424431603,-0.57822973408302591469 ; 0.061417528387449960015,-0.10535864817668658122 ; 0.34821879306938491316,-0.35022754074609041552 ; 0.35414412257142524609,-0.58119742829210530033 ; 0.14317473392030832802,-0.74894111178213340629 ; -0.1848666594625263393,-0.55174469401835413152 ; }
