coefficients read from input file thomasson85.txt
	degree 2 coefficient = ( 1.0000000000000000 +0.0000000000000000*i) 
	degree 0 coefficient = ( 0.3555340000000000 -0.3372920000000000*i) 

Input polynomial p(z)=(1+0i)*z^2+(0.35553400000000001668-0.33729199999999998072i)

1 critical points found

	cp#0: 0,0 . It's critical orbit is bounded and enters cycle #0 length=85 and it's stability = |multiplier|=0.1738 =attractive 
cycle = {
0.085363751140101362669,-0.13328474304205845113 ; 0.34505614728092159904,-0.36004737127162922405 ; 0.34496363521674267005,-0.58576511753922388959 ; 0.13141313669620913185,-0.74142732865898641759 ; -0.17691107118606408388,-0.53215858178273711676 ; 0.10363877094318652006,-0.14900251051191856777 ; 0.34407324670375988296,-0.36817687411380894957 ; 0.33836618846505089886,-0.59065162487515943113 ; 0.12115633552870030964,-0.73700507803939352414 ; -0.17296362741710957778,-0.51587766904259346745 ; 0.11932064699246511252,-0.15883585411781978025 ; 0.3445425882453631572,-0.37519679375787812203 ; 0.33347096106862217368,-0.59583454884540199004 ; 0.11171807227822680431,-0.73467903928273026182 ; -0.171738363087832413,-0.50144585202377256472 ; 0.13358012284424097826,-0.16505702039250771951 ; 0.34613382923822982873,-0.38138867412067112284 ; 0.32988530699559659443,-0.60131504440295846514 ; 0.10277853314624713077,-0.73402199604788154197 ; -0.17269086380642195699,-0.48817540810176329735 ; 0.14704090536688504964,-0.16868513417170785673 ; 0.34870035336058619047,-0.38689922970108481248 ; 0.32743492249050487608,-0.60711579622341371731 ; 0.094158038442373359622,-0.73487382735834927416 ; -0.17563980593299344246,-0.47568055617340299079 ; 0.16011134990674161238,-0.17019511885521021455 ; 0.3522032658868199384,-0.39179234045489208516 ; 0.32607990246221990605,-0.61327308371530764308 ; 0.085758227580088108866,-0.73724405464118469844 ; -0.18064032250609596275,-0.46374148683997123976 ; 0.17310875949855913936,-0.1697511765155422514 ; 0.35668518068671922761,-0.3960628311800529211 ; 0.32589255187915844303,-0.61983148500550155902 ; 0.077548885566184666551,-0.74128892876698238013 ; -0.18796144625994304356,-0.45226426061686064717 ; 0.18632054384881382991,-0.16727551096554213461 ; 0.36226824849133454354,-0.39962572835137605276 ; 0.3270715611046115523,-0.62683542532385372326 ; 0.06958715564247108798,-0.74733208223269198545 ; -0.19812886890384162619,-0.44130142784587667037 ; 0.20004209847430617919,-0.16242289451049232718 ; 0.3691696445008375016,-0.40227483331629948493 ; 0.32999518490121820813,-0.63430731441402388171 ; 0.062085052938857854254,-0.7559287190085018926 ; -0.21203967442341375982,-0.43115574907529163884 ; 0.2145995435689114772,-0.15444775068058413936 ; 0.37773285640969328503,-0.40358083360259677796 ; 0.33533862156005905808,-0.64218348213782805445 ; 0.055586366379134388715,-0.76798984737747610918 ; -0.23118456154764366328,-0.42267153006355973055 ; 0.23032907917170558632,-0.14186173528716850001 ; 0.38846073277339915331,-0.40264176571678755856 ; 0.34431534940731378658,-0.65011303071103720974 ; 0.051440107137190604902,-0.78497979064703704566 ; -0.25801318710198040129,-0.41805088906282605876 ; 0.24733825887230226348,-0.12156671548416758677 ; 0.40193174798837350004,-0.3974281994893570924 ; 0.35913395629163719081,-0.65677002184125865547 ; 0.053164336972316261765,-0.80902883263519242973 ; -0.29616720530935625177,-0.42331496295707404798 ; 0.26405345563740539871,-0.086547980910739397142 ; 0.41776767443432955007,-0.38299858687584187322 ; 0.38337591225337619427,-0.65730085790150993841 ; 0.070466672298047483558,-0.84127863204583630541 ; -0.34725018483215319698,-0.45585621135144721583 ; 0.26831180543826926854,-0.020699692702649707954 ; 0.42709674765955951692,-0.34839994384213057721 ; 0.41656311099217374627,-0.6348929657994942799 ; 0.12596974741780025964,-0.86623797796097012913 ; -0.37896585719740571996,-0.55553155857489888714 ; 0.19053380834870822791,0.083762986591094767963 ; 0.38482089420120235701,-0.30537263833227384913 ; 0.41036867237179930346,-0.57231954349521196868 ; 0.19638678739762535641,-0.80701602247312875793 ; -0.25717309026398937899,-0.65426656806381511267 ; -0.0063927437300727585345,-0.00077248966922782713596 ; 0.35557427043210931839,-0.33728212334302098974 ; 0.36820783106654997319,-0.5771496898749748361 ; 0.15800924233595339818,-0.76231407101919290703 ; -0.20062182221027302642,-0.57819733756755764542 ; 0.061470954376758202287,-0.10529399308013645542 ; 0.34822585325322968908,-0.35023704448955150781 ; 0.35412925754116375554,-0.58121518731652688228 ; 0.14313043707927045056,-0.74894260551210012355 ; -0.18489470433275023709,-0.55168496494846896994 ; }
